%YAML:1.0
---
extrinsicRotation: !!opencv-matrix
   rows: 3
   cols: 3
   dt: d
   data: [ -9.9964979884093963e-01, -5.1488815793579732e-03,
       2.5957054835851263e-02, 5.2499391333439430e-03,
       -9.9997889735292844e-01, 3.8266157264524947e-03,
       2.5936804282058828e-02, 3.9615485991589009e-03,
       9.9965573489893544e-01 ]
extrinsicTranslation: !!opencv-matrix
   rows: 3
   cols: 1
   dt: d
   data: [ 9.8525983272183164e-04, 1.8241994030206380e-02,
       1.6823221259041309e-02 ]
